{
  "W": {
    "k_voigt": 325.34041462506866,
    "k_reuss": 325.3404146250686,
    "k_vrh": 325.34041462506866,
    "g_voigt": 166.92586852252572,
    "g_reuss": 166.4744299106912,
    "g_vrh": 166.70014921660845,
    "young_modulus": 427.14581518166415,
    "elastic_tensor": {
      "raw": [
        [
          562.2352510066269,
          206.8929964342894,
          206.8929964342894,
          -2.3536728122053312e-14,
          -3.286260152890463e-14,
          -3.175237850427947e-14
        ],
        [
          206.8929964342894,
          562.2352510066271,
          206.89299643428953,
          -2.0206059048177846e-14,
          -3.330669073875469e-14,
          -1.1821345919855548e-14
        ],
        [
          206.8929964342894,
          206.89299643428953,
          562.2352510066272,
          -2.5757174171303635e-14,
          -3.175237850427948e-14,
          -3.3306690738754684e-14
        ],
        [
          -2.3536728122053312e-14,
          -2.0206059048177846e-14,
          -2.5757174171303635e-14,
          159.7624241931588,
          0.0,
          5.229458395263148e-30
        ],
        [
          -3.286260152890463e-14,
          -3.330669073875469e-14,
          -3.175237850427948e-14,
          0.0,
          159.7624241931588,
          -4.434298045229403e-15
        ],
        [
          -3.175237850427947e-14,
          -1.1821345919855548e-14,
          -3.3306690738754684e-14,
          5.229458395263148e-30,
          -4.434298045229403e-15,
          159.76223965397352
        ]
      ],
      "ieee_format": [
        [
          562.2352510066266,
          206.89299643428959,
          206.89299643428964,
          -5.587764745315501e-31,
          -6.573840876841765e-32,
          8.545993139894294e-31
        ],
        [
          206.89299643428959,
          562.2352510066266,
          206.89299643428964,
          1.0846837446788912e-30,
          -5.259072701473412e-31,
          0.0
        ],
        [
          206.89299643428964,
          206.89299643428964,
          562.2352510066268,
          0.0,
          1.035379938102578e-30,
          -5.9164567891575885e-31
        ],
        [
          -5.587764745315501e-31,
          1.0846837446788912e-30,
          0.0,
          159.76236268009717,
          6.36162731157808e-32,
          6.36162731157808e-32
        ],
        [
          -6.573840876841765e-32,
          -5.259072701473412e-31,
          1.035379938102578e-30,
          6.36162731157808e-32,
          159.76236268009717,
          7.395570986446986e-32
        ],
        [
          8.545993139894294e-31,
          0.0,
          -5.9164567891575885e-31,
          6.36162731157808e-32,
          7.395570986446986e-32,
          159.76236268009717
        ]
      ]
    },
    "fractional_composition": {
      "W": 1.0
    },
    "structure_dict": {
      "@module": "pymatgen.core.structure",
      "@class": "Structure",
      "charge": 0.0,
      "lattice": {
        "matrix": [
          [
            3.1589426859393632,
            -0.0,
            -0.0
          ],
          [
            -0.0,
            3.1589426859393632,
            0.0
          ],
          [
            -0.0,
            -0.0,
            3.1589426859393632
          ]
        ],
        "pbc": [
          true,
          true,
          true
        ],
        "a": 3.1589426859393632,
        "b": 3.1589426859393632,
        "c": 3.1589426859393632,
        "alpha": 90.0,
        "beta": 90.0,
        "gamma": 90.0,
        "volume": 31.522832850781786
      },
      "properties": {},
      "sites": [
        {
          "species": [
            {
              "element": "W",
              "occu": 1
            }
          ],
          "abc": [
            0.0,
            -0.0,
            0.0
          ],
          "properties": {
            "magmom": 0.0
          },
          "label": "W",
          "xyz": [
            0.0,
            0.0,
            0.0
          ]
        },
        {
          "species": [
            {
              "element": "W",
              "occu": 1
            }
          ],
          "abc": [
            0.5,
            0.5,
            0.5
          ],
          "properties": {
            "magmom": 0.0
          },
          "label": "W",
          "xyz": [
            1.5794713429696816,
            1.5794713429696816,
            1.5794713429696816
          ]
        }
      ]
    }
  },
  "Nb": {
    "k_voigt": 186.76543671158183,
    "k_reuss": 186.7654367115818,
    "k_vrh": 186.7654367115818,
    "g_voigt": 43.648547441200144,
    "g_reuss": 31.96517833665804,
    "g_vrh": 37.80686288892909,
    "young_modulus": 106.25112888474204,
    "elastic_tensor": {
      "raw": [
        [
          285.9398346414573,
          137.17823774664416,
          137.17823774664416,
          3.0642155479654314e-14,
          3.2418512319054565e-14,
          3.330669073875469e-14
        ],
        [
          137.17823774664416,
          285.9398346414573,
          137.1782377466442,
          3.2418512319054565e-14,
          3.0642155479654314e-14,
          4.710823473269297e-14
        ],
        [
          137.17823774664416,
          137.1782377466442,
          285.93983464145737,
          3.019806626980426e-14,
          3.019806626980426e-14,
          3.064215547965431e-14
        ],
        [
          3.0642155479654314e-14,
          3.2418512319054565e-14,
          3.019806626980426e-14,
          23.160402811129845,
          0.0,
          -4.8111017236420966e-30
        ],
        [
          3.2418512319054565e-14,
          3.0642155479654314e-14,
          3.019806626980426e-14,
          0.0,
          23.16040281112985,
          -6.428303115127404e-16
        ],
        [
          3.330669073875469e-14,
          4.710823473269297e-14,
          3.064215547965431e-14,
          -4.8111017236420966e-30,
          -6.428303115127404e-16,
          23.160334688928465
        ]
      ],
      "ieee_format": [
        [
          285.93983464145714,
          137.17823774664427,
          137.17823774664427,
          -4.807524230662194e-15,
          -1.7950617119507774e-15,
          8.22593510307773e-15
        ],
        [
          137.17823774664427,
          285.9398346414567,
          137.17823774664427,
          -8.225935103077736e-15,
          -5.259072701473412e-31,
          8.225935103077728e-15
        ],
        [
          137.17823774664427,
          137.17823774664427,
          285.93983464145674,
          -8.225935103077731e-15,
          1.7950617119507794e-15,
          4.8075242306621924e-15
        ],
        [
          -4.807524230662194e-15,
          -8.225935103077736e-15,
          -8.225935103077731e-15,
          23.160380103729395,
          8.116745802323847e-16,
          -1.997513584235557e-31
        ],
        [
          -1.795061711950779e-15,
          -5.259072701473412e-31,
          1.7950617119507794e-15,
          8.116745802323845e-16,
          23.160380103729395,
          -8.116745802323841e-16
        ],
        [
          8.22593510307773e-15,
          8.225935103077728e-15,
          4.8075242306621924e-15,
          -1.9819262170559352e-31,
          -8.116745802323841e-16,
          23.160380103729384
        ]
      ]
    },
    "fractional_composition": {
      "Nb": 1.0
    },
    "structure_dict": {
      "@module": "pymatgen.core.structure",
      "@class": "Structure",
      "charge": 0.0,
      "lattice": {
        "matrix": [
          [
            -1.6334666439666903,
            1.6334666439666903,
            1.6334666439666903
          ],
          [
            1.6334666439666903,
            -1.6334666439666903,
            1.6334666439666903
          ],
          [
            1.6334666439666903,
            1.6334666439666903,
            -1.6334666439666903
          ]
        ],
        "pbc": [
          true,
          true,
          true
        ],
        "a": 2.82924721981933,
        "b": 2.82924721981933,
        "c": 2.82924721981933,
        "alpha": 109.47122063449069,
        "beta": 109.47122063449069,
        "gamma": 109.47122063449069,
        "volume": 17.4337495475593
      },
      "properties": {},
      "sites": [
        {
          "species": [
            {
              "element": "Nb",
              "occu": 1
            }
          ],
          "abc": [
            -0.0,
            0.0,
            0.0
          ],
          "properties": {
            "magmom": -0.0
          },
          "label": "Nb",
          "xyz": [
            0.0,
            0.0,
            0.0
          ]
        }
      ]
    }
  },
  "Ta": {
    "k_voigt": 211.59000382515345,
    "k_reuss": 211.59000382515353,
    "k_vrh": 211.59000382515347,
    "g_voigt": 65.96624041422646,
    "g_reuss": 65.6163539007808,
    "g_vrh": 65.79129715750364,
    "young_modulus": 178.83806286624662,
    "elastic_tensor": {
      "raw": [
        [
          291.8154660520518,
          171.47727271170413,
          171.47727271170413,
          9.59232693276135e-14,
          -2.5757174171303625e-14,
          -2.1316282072803e-14
        ],
        [
          171.47727271170413,
          291.8154660520518,
          171.4772727117042,
          7.283063041541026e-14,
          -2.2204460492503124e-14,
          -7.949667893605587e-15
        ],
        [
          171.47727271170413,
          171.4772727117042,
          291.8154660520519,
          6.838973831690964e-14,
          -2.664535259100376e-14,
          -2.220446049250314e-14
        ],
        [
          9.59232693276135e-14,
          7.283063041541026e-14,
          6.838973831690964e-14,
          69.83088610763139,
          0.0,
          3.486305596842099e-30
        ],
        [
          -2.5757174171303625e-14,
          -2.2204460492503124e-14,
          -2.664535259100376e-14,
          0.0,
          69.8308861076314,
          -1.9381964396667343e-15
        ],
        [
          -2.1316282072803e-14,
          -7.949667893605587e-15,
          -2.220446049250314e-14,
          3.486305596842099e-30,
          -1.9381964396667343e-15,
          69.8312365155218
        ]
      ],
      "ieee_format": [
        [
          291.81546605205216,
          171.47727271170425,
          171.47727271170393,
          1.4445334922512375e-14,
          -6.68766097566096e-15,
          -1.817295491641388e-14
        ],
        [
          171.47727271170425,
          291.81546605205216,
          171.4772727117041,
          2.4922543444595328e-14,
          -3.172966939407682e-15,
          -1.867413633319071e-14
        ],
        [
          171.47727271170393,
          171.4772727117041,
          291.81546605205216,
          2.5870677269781215e-14,
          -4.4692419477717595e-15,
          -1.0479126248252762e-14
        ],
        [
          1.4445334922512372e-14,
          2.4922543444595322e-14,
          2.5870677269781215e-14,
          69.83100291026139,
          -4.267433206433911e-15,
          -1.2921325807399354e-15
        ],
        [
          -6.687660975660962e-15,
          -3.172966939407682e-15,
          -4.4692419477717595e-15,
          -4.267433206433911e-15,
          69.83100291026152,
          5.882599337599365e-15
        ],
        [
          -1.8172954916413874e-14,
          -1.867413633319071e-14,
          -1.0479126248252766e-14,
          -1.2921325807399352e-15,
          5.882599337599367e-15,
          69.83100291026149
        ]
      ]
    },
    "fractional_composition": {
      "Ta": 1.0
    },
    "structure_dict": {
      "@module": "pymatgen.core.structure",
      "@class": "Structure",
      "charge": 0.0,
      "lattice": {
        "matrix": [
          [
            -1.6380396423828427,
            1.6380396423828427,
            1.6380396423828427
          ],
          [
            1.6380396423828427,
            -1.6380396423828427,
            1.6380396423828427
          ],
          [
            1.6380396423828427,
            1.6380396423828427,
            -1.6380396423828427
          ]
        ],
        "pbc": [
          true,
          true,
          true
        ],
        "a": 2.8371678854190376,
        "b": 2.8371678854190376,
        "c": 2.8371678854190376,
        "alpha": 109.47122063449069,
        "beta": 109.47122063449069,
        "gamma": 109.47122063449069,
        "volume": 17.5805806659792
      },
      "properties": {},
      "sites": [
        {
          "species": [
            {
              "element": "Ta",
              "occu": 1
            }
          ],
          "abc": [
            -0.0,
            0.0,
            -0.0
          ],
          "properties": {
            "magmom": -0.0
          },
          "label": "Ta",
          "xyz": [
            0.0,
            0.0,
            0.0
          ]
        }
      ]
    }
  },
  "Ta(NbW)2": {
    "k_voigt": 240.63520543955943,
    "k_reuss": 240.0646766014118,
    "k_vrh": 240.34994102048563,
    "g_voigt": 64.16700492169241,
    "g_reuss": 59.4484298469817,
    "g_vrh": 61.80771738433705,
    "young_modulus": 170.7837303007798,
    "elastic_tensor": {
      "raw": [
        [
          356.057875530717,
          182.92387039398037,
          182.92387039398037,
          4.134985134934849,
          2.3616034521732248,
          -2.5098082313125536
        ],
        [
          182.92387039398037,
          356.057875530717,
          182.9238703939804,
          2.50980823131254,
          4.134985134934855,
          -2.5098158775084163
        ],
        [
          182.92387039398037,
          182.9238703939804,
          356.05787553071707,
          2.5098158775084083,
          2.6580300783107,
          -4.134985134934872
        ],
        [
          4.134985134934849,
          2.50980823131254,
          2.5098158775084083,
          49.2332125232605,
          -0.2537601625000293,
          0.13455969574708918
        ],
        [
          2.3616034521732248,
          4.134985134934855,
          2.6580300783107,
          -0.2537601625000293,
          49.234594425204335,
          0.015483678621056186
        ],
        [
          -2.5098082313125536,
          -2.5098158775084163,
          -4.134985134934872,
          0.13455969574708918,
          0.015483678621056186,
          49.233212523260626
        ]
      ],
      "ieee_format": [
        [
          323.7441733689659,
          202.37536788878617,
          204.9406874452362,
          17.152592057826453,
          0.0,
          7.105427357601002e-15
        ],
        [
          202.37536788878623,
          323.74417336896636,
          204.94068744523628,
          -17.15259205782649,
          1.0658141036401503e-14,
          1.4210854715202004e-14
        ],
        [
          204.94068744523616,
          204.94068744523628,
          293.7150166595853,
          -1.0658141036401503e-14,
          1.4210854715202004e-14,
          1.4210854715202004e-14
        ],
        [
          17.152592057826446,
          -17.152592057826507,
          -4.973799150320701e-14,
          75.25087416447631,
          1.4210854715202004e-14,
          3.552713678800501e-15
        ],
        [
          2.842170943040401e-14,
          7.105427357601002e-15,
          1.4210854715202004e-14,
          1.4210854715202004e-14,
          75.25087416447629,
          17.152592057826457
        ],
        [
          7.105427357601002e-15,
          1.4210854715202004e-14,
          7.105427357601002e-15,
          -3.552713678800501e-15,
          17.152592057826467,
          60.68440274008988
        ]
      ]
    },
    "fractional_composition": {
      "W": 0.4,
      "Nb": 0.4,
      "Ta": 0.2
    },
    "structure_dict": {
      "@module": "pymatgen.core.structure",
      "@class": "Structure",
      "charge": 0.0,
      "lattice": {
        "matrix": [
          [
            3.2066489285241433,
            0.0,
            3.2066489285241433
          ],
          [
            3.2066489285241433,
            -3.2066489285241433,
            -0.0
          ],
          [
            4.847005007512833,
            1.6403560789886902,
            -1.6403560789886902
          ]
        ],
        "pbc": [
          true,
          true,
          true
        ],
        "a": 4.534886404487997,
        "b": 4.534886404487997,
        "c": 5.3735457264830995,
        "alpha": 65.04135059514738,
        "beta": 65.04135059514738,
        "gamma": 60.00000000000001,
        "volume": 83.57404299396228
      },
      "properties": {},
      "sites": [
        {
          "species": [
            {
              "element": "W",
              "occu": 1
            }
          ],
          "abc": [
            0.9978016124337615,
            0.9978016124337615,
            0.0065951626987227
          ],
          "properties": {
            "magmom": -0.0
          },
          "label": "W",
          "xyz": [
            6.431165729406838,
            -3.1887810561656145,
            3.1887810561656145
          ]
        },
        {
          "species": [
            {
              "element": "W",
              "occu": 1
            }
          ],
          "abc": [
            0.802198434425729,
            0.802198434425729,
            0.5934046967228058
          ],
          "properties": {
            "magmom": -0.0
          },
          "label": "W",
          "xyz": [
            8.020973036927092,
            -1.5989737486453146,
            1.5989737486453146
          ]
        },
        {
          "species": [
            {
              "element": "Nb",
              "occu": 1
            }
          ],
          "abc": [
            0.6043251306972344,
            0.6043251306972344,
            0.1870246079083107
          ],
          "properties": {
            "magmom": 0.0
          },
          "label": "Nb",
          "xyz": [
            4.782226276720705,
            -1.6310715803276257,
            1.6310715803276257
          ]
        },
        {
          "species": [
            {
              "element": "Ta",
              "occu": 1
            }
          ],
          "abc": [
            0.4000000367976386,
            0.4000000367976386,
            0.7999998896070841
          ],
          "properties": {
            "magmom": 0.0
          },
          "label": "Ta",
          "xyz": [
            6.442922849748783,
            0.029624992700495678,
            -0.029624992700495678
          ]
        },
        {
          "species": [
            {
              "element": "Nb",
              "occu": 1
            }
          ],
          "abc": [
            0.1956747856456435,
            0.1956747856456506,
            0.4129756430630621
          ],
          "properties": {
            "magmom": -0.0
          },
          "label": "Nb",
          "xyz": [
            3.2566156933671055,
            0.04996676484294049,
            -0.04996676484296325
          ]
        }
      ]
    }
  },
  "Ta3NbW2": {
    "k_voigt": 237.5909013892101,
    "k_reuss": 237.29144126823985,
    "k_vrh": 237.44117132872498,
    "g_voigt": 77.95576762798616,
    "g_reuss": 74.37352943199993,
    "g_vrh": 76.16464852999304,
    "young_modulus": 206.4223890537892,
    "elastic_tensor": {
      "raw": [
        [
          353.6939788078456,
          171.0366125651139,
          191.34470911305476,
          1.398881011027697e-14,
          -1.341860341030145,
          -5.7731597280508124e-15
        ],
        [
          171.0366125651139,
          364.0942864006324,
          171.0366125651139,
          -1.5654144647214704e-14,
          -9.906236204176455,
          2.420115985184007e-14
        ],
        [
          191.34470911305476,
          171.0366125651139,
          353.69397880784567,
          8.770761894538737e-15,
          -1.3418458962612205,
          -7.105427357600999e-15
        ],
        [
          1.398881011027697e-14,
          -1.5654144647214704e-14,
          8.770761894538737e-15,
          70.13554274699015,
          -2.642330798607872e-14,
          -17.246451523005778
        ],
        [
          -1.341860341030145,
          -9.906236204176455,
          -1.3418458962612205,
          -2.642330798607872e-14,
          70.46640056327374,
          1.1184323208941168e-14
        ],
        [
          -5.7731597280508124e-15,
          2.420115985184007e-14,
          -7.105427357600999e-15,
          -17.246451523005778,
          1.1184323208941168e-14,
          69.82212490531961
        ]
      ],
      "ieee_format": [
        [
          340.30203828643266,
          202.05294339717665,
          161.1303763609376,
          2.151236524270391e-15,
          -7.888609052210118e-31,
          -1.4210854715202004e-14
        ],
        [
          202.05294339717668,
          345.66945076101564,
          180.94284876929055,
          3.6803065085486205e-15,
          7.888609052210118e-31,
          -1.4210854715202004e-14
        ],
        [
          161.1303763609376,
          180.94284876929055,
          364.09428640063277,
          3.782659659719256e-15,
          0.0,
          0.0
        ],
        [
          2.1512365242703893e-15,
          3.68030650854862e-15,
          3.782659659719255e-15,
          87.22528534916071,
          0.0,
          1.9721522630525295e-31
        ],
        [
          -9.860761315262648e-31,
          7.888609052210118e-31,
          -3.944304526105059e-31,
          7.105427357601002e-15,
          52.732382303149116,
          8.642578183406966e-16
        ],
        [
          -2.842170943040401e-14,
          -2.842170943040401e-14,
          0.0,
          1.9721522630525295e-31,
          8.642578183406967e-16,
          81.17463484739551
        ]
      ]
    },
    "fractional_composition": {
      "W": 0.3333333333333333,
      "Ta": 0.5,
      "Nb": 0.16666666666666666
    },
    "structure_dict": {
      "@module": "pymatgen.core.structure",
      "@class": "Structure",
      "charge": 0.0,
      "lattice": {
        "matrix": [
          [
            0.0,
            -3.2346848026383066,
            0.0
          ],
          [
            -3.250700152037716,
            0.0,
            -3.250700152037716
          ],
          [
            4.8150138239977744,
            1.6173424013191533,
            -4.8150138239977744
          ]
        ],
        "pbc": [
          true,
          true,
          true
        ],
        "a": 3.2346848026383066,
        "b": 4.59718424222002,
        "c": 6.998893676409447,
        "alpha": 90.0,
        "beta": 103.36098435498961,
        "gamma": 90.0,
        "volume": 101.25964807521129
      },
      "properties": {},
      "sites": [
        {
          "species": [
            {
              "element": "W",
              "occu": 1
            }
          ],
          "abc": [
            0.0001240556186985,
            0.0,
            0.0002481112373971
          ],
          "properties": {
            "magmom": 0.0
          },
          "label": "W",
          "xyz": [
            0.00119465903795623,
            1.6176296413483726e-16,
            -0.00119465903795623
          ]
        },
        {
          "species": [
            {
              "element": "Ta",
              "occu": 1
            }
          ],
          "abc": [
            0.6631398191214828,
            0.0,
            0.3262796382429798
          ],
          "properties": {
            "magmom": 0.0
          },
          "label": "Ta",
          "xyz": [
            1.5710409686289406,
            -1.6173424013191302,
            -1.5710409686289406
          ]
        },
        {
          "species": [
            {
              "element": "Ta",
              "occu": 1
            }
          ],
          "abc": [
            0.3376184587088247,
            0.0,
            0.6752369174176636
          ],
          "properties": {
            "magmom": 0.0
          },
          "label": "Ta",
          "xyz": [
            3.2512750918396938,
            2.3092638912203256e-14,
            -3.2512750918396938
          ]
        },
        {
          "species": [
            {
              "element": "Ta",
              "occu": 1
            }
          ],
          "abc": [
            0.5025519144990938,
            0.5,
            0.0051038289981733
          ],
          "properties": {
            "magmom": -0.0
          },
          "label": "Ta",
          "xyz": [
            -1.6007750688373328,
            -1.6173424013191762,
            -1.6499250832003831
          ]
        },
        {
          "species": [
            {
              "element": "W",
              "occu": 1
            }
          ],
          "abc": [
            0.1674238208023766,
            0.5,
            0.3348476416047745
          ],
          "properties": {
            "magmom": 0.0
          },
          "label": "W",
          "xyz": [
            -0.013054052758816548,
            3.441691376337985e-14,
            -3.2376460992788996
          ]
        },
        {
          "species": [
            {
              "element": "Nb",
              "occu": 1
            }
          ],
          "abc": [
            0.8291419312495094,
            0.5,
            0.6582838624990046
          ],
          "properties": {
            "magmom": -0.0
          },
          "label": "Nb",
          "xyz": [
            1.5442958220284995,
            -1.6173424013191762,
            -4.794995974066215
          ]
        }
      ]
    }
  },
  "Ta2Nb2W": {
    "k_voigt": 218.67678361693535,
    "k_reuss": 218.67219497696968,
    "k_vrh": 218.67448929695252,
    "g_voigt": 67.90404757828354,
    "g_reuss": 63.50966643476804,
    "g_vrh": 65.7068570065258,
    "young_modulus": 179.17456996319996,
    "elastic_tensor": {
      "raw": [
        [
          331.7680277446636,
          162.13116155307108,
          162.13116155307114,
          5.363358167439468,
          -2.0953983530375693,
          2.1846637266801054
        ],
        [
          162.13116155307108,
          331.76802774466375,
          162.13116155307114,
          -2.1846637266800735,
          5.363358167439471,
          2.184660955282974
        ],
        [
          162.13116155307114,
          162.13116155307114,
          331.7680277446638,
          -2.184660955282937,
          -2.2739333971013833,
          -5.363358167439483
        ],
        [
          5.363358167439468,
          -2.1846637266800735,
          -2.184660955282937,
          56.627958389632006,
          7.588401824999993,
          -7.575389292835371
        ],
        [
          -2.0953983530375693,
          5.363358167439471,
          -2.2739333971013833,
          7.588401824999993,
          56.627454920560965,
          -7.562360738965287
        ],
        [
          2.1846637266801054,
          2.184660955282974,
          -5.363358167439483,
          -7.575389292835371,
          -7.562360738965287,
          56.62795838963206
        ]
      ],
      "ieee_format": [
        [
          299.20805817745423,
          187.323256209735,
          170.4930675930347,
          15.081180801078894,
          -1.4210854715202004e-13,
          -5.684341886080802e-14
        ],
        [
          187.323256209735,
          299.2080581774541,
          170.49306759303462,
          -15.081180801078755,
          -8.881784197001252e-14,
          -3.907985046680551e-14
        ],
        [
          170.49306759303474,
          170.4930675930347,
          313.0561534059012,
          9.237055564881302e-14,
          -1.7053025658242404e-13,
          -2.4868995751603507e-14
        ],
        [
          15.081180801078904,
          -15.081180801078723,
          1.3855583347321954e-13,
          77.92843872627824,
          -7.105427357601002e-15,
          -3.197442310920451e-14
        ],
        [
          -1.7053025658242404e-13,
          -1.0302869668521453e-13,
          -1.4921397450962104e-13,
          -7.105427357601002e-15,
          77.92843872627822,
          15.081180801078865
        ],
        [
          -5.684341886080802e-14,
          -4.440892098500626e-14,
          -2.1316282072803006e-14,
          -3.907985046680551e-14,
          15.081180801078858,
          55.94240098385954
        ]
      ]
    },
    "fractional_composition": {
      "W": 0.2,
      "Nb": 0.4,
      "Ta": 0.4
    },
    "structure_dict": {
      "@module": "pymatgen.core.structure",
      "@class": "Structure",
      "charge": 0.0,
      "lattice": {
        "matrix": [
          [
            3.2331164715554084,
            -0.0,
            3.233116471555408
          ],
          [
            3.2331164715554084,
            -3.233116471555408,
            -0.0
          ],
          [
            4.885620651665131,
            1.6525041801097209,
            -1.6525041801097209
          ]
        ],
        "pbc": [
          true,
          true,
          true
        ],
        "a": 4.572317162805505,
        "b": 4.572317162805505,
        "c": 5.415794427647437,
        "alpha": 65.030988602134,
        "beta": 65.030988602134,
        "gamma": 59.999999999999986,
        "volume": 85.61699003940785
      },
      "properties": {},
      "sites": [
        {
          "species": [
            {
              "element": "W",
              "occu": 1
            }
          ],
          "abc": [
            8.9257881e-09,
            8.9257881e-09,
            -2.67773501e-08
          ],
          "properties": {
            "magmom": -0.0
          },
          "label": "W",
          "xyz": [
            -7.310774958998087e-08,
            -7.31077955002347e-08,
            7.31077955002347e-08
          ]
        },
        {
          "species": [
            {
              "element": "Nb",
              "occu": 1
            }
          ],
          "abc": [
            0.8040342889997953,
            0.8040342889997953,
            0.5878971330006283
          ],
          "properties": {
            "magmom": -0.0
          },
          "label": "Nb",
          "xyz": [
            8.071315380963751,
            -1.6280340337025208,
            1.6280340337025208
          ]
        },
        {
          "species": [
            {
              "element": "Ta",
              "occu": 1
            }
          ],
          "abc": [
            0.6033788993682249,
            0.6033788993682249,
            0.1898633018953464
          ],
          "properties": {
            "magmom": 0.0
          },
          "label": "Ta",
          "xyz": [
            4.829188585005998,
            -1.6370443581048868,
            1.6370443581048868
          ]
        },
        {
          "species": [
            {
              "element": "Ta",
              "occu": 1
            }
          ],
          "abc": [
            0.396621086165121,
            0.396621086165121,
            0.8101367415046299
          ],
          "properties": {
            "magmom": 0.0
          },
          "label": "Ta",
          "xyz": [
            6.522665128261014,
            0.05643218515021986,
            -0.05643218515021986
          ]
        },
        {
          "species": [
            {
              "element": "Nb",
              "occu": 1
            }
          ],
          "abc": [
            0.1959657165410777,
            0.1959657165410848,
            0.4121028503767456
          ],
          "properties": {
            "magmom": -0.0
          },
          "label": "Nb",
          "xyz": [
            3.28053816842895,
            0.04742169687356368,
            -0.04742169687358666
          ]
        }
      ]
    }
  },
  "Ta3NbW": {
    "k_voigt": 222.2650682357349,
    "k_reuss": 222.24720226155856,
    "k_vrh": 222.25613524864673,
    "g_voigt": 75.93344696141081,
    "g_reuss": 74.22715253415362,
    "g_vrh": 75.08029974778222,
    "young_modulus": 202.44493814586707,
    "elastic_tensor": {
      "raw": [
        [
          335.4415080159943,
          165.67684834560475,
          165.67684834560475,
          1.3946100074387195,
          -2.0898686795870915,
          1.7621641270104624
        ],
        [
          165.67684834560475,
          335.4415080159945,
          165.67684834560487,
          -1.7621641270103314,
          1.3946100074387209,
          1.7621502556132802
        ],
        [
          165.67684834560475,
          165.67684834560487,
          335.44150801599454,
          -1.7621502556131572,
          -1.4344482143175992,
          -1.3946100074387358
        ],
        [
          1.3946100074387195,
          -1.7621641270103314,
          -1.7621502556131572,
          69.96757391812139,
          7.168441516666627,
          -7.327990771188355
        ],
        [
          -2.0898686795870915,
          1.3946100074387209,
          -1.4344482143175992,
          7.168441516666627,
          69.96742730042119,
          -7.487543970892771
        ],
        [
          1.7621641270104624,
          1.7621502556132802,
          -1.3946100074387358,
          -7.327990771188355,
          -7.487543970892771,
          69.96757391812157
        ]
      ],
      "ieee_format": [
        [
          317.0023880066372,
          181.10381432716324,
          166.55929716112553,
          9.741297739390294,
          0.0,
          -7.105427357601002e-15
        ],
        [
          181.1038143271631,
          317.00238800663755,
          166.55929716112567,
          -9.741297739390808,
          -3.552713678800501e-15,
          0.0
        ],
        [
          166.55929716112553,
          166.55929716112553,
          337.9360208095107,
          -3.801403636316536e-13,
          -2.1316282072803006e-14,
          7.105427357601002e-15
        ],
        [
          9.741297739390308,
          -9.741297739390786,
          -4.192202140984591e-13,
          79.57257595476331,
          0.0,
          -3.552713678800501e-15
        ],
        [
          0.0,
          -3.197442310920451e-14,
          -2.1316282072803006e-14,
          -7.105427357601002e-15,
          79.57257595476335,
          9.741297739390454
        ],
        [
          -7.105427357601002e-15,
          -7.105427357601002e-15,
          -7.105427357601002e-15,
          -1.0658141036401503e-14,
          9.74129773939045,
          67.94928683973706
        ]
      ]
    },
    "fractional_composition": {
      "W": 0.2,
      "Ta": 0.6,
      "Nb": 0.2
    },
    "structure_dict": {
      "@module": "pymatgen.core.structure",
      "@class": "Structure",
      "charge": 0.0,
      "lattice": {
        "matrix": [
          [
            3.2494823314183416,
            -0.0,
            3.2494823314183416
          ],
          [
            3.2494823314183416,
            -3.2494823314183416,
            0.0
          ],
          [
            4.877731126895438,
            1.62824879547709,
            -1.62824879547709
          ]
        ],
        "pbc": [
          true,
          true,
          true
        ],
        "a": 4.595461983783563,
        "b": 4.595461983783563,
        "c": 5.393945608386298,
        "alpha": 64.78707818335828,
        "beta": 64.78707818335828,
        "gamma": 60.00000000000001,
        "volume": 85.89042258692223
      },
      "properties": {},
      "sites": [
        {
          "species": [
            {
              "element": "W",
              "occu": 1
            }
          ],
          "abc": [
            0.0010733145298104,
            0.0010733145298104,
            0.9967800564105616
          ],
          "properties": {
            "magmom": 0.0
          },
          "label": "W",
          "xyz": [
            4.869000541023733,
            1.619518209605409,
            -1.619518209605409
          ]
        },
        {
          "species": [
            {
              "element": "Ta",
              "occu": 1
            }
          ],
          "abc": [
            0.8042613329099673,
            0.8042613329099673,
            0.587216001270098
          ],
          "properties": {
            "magmom": -0.0
          },
          "label": "Ta",
          "xyz": [
            8.091147749874034,
            -1.657299244380993,
            1.657299244380993
          ]
        },
        {
          "species": [
            {
              "element": "Ta",
              "occu": 1
            }
          ],
          "abc": [
            0.6020503561830537,
            0.6020503561830537,
            0.1938489314508601
          ],
          "properties": {
            "magmom": -0.0
          },
          "label": "Ta",
          "xyz": [
            4.858246956935185,
            -1.6407177059015683,
            1.6407177059015683
          ]
        },
        {
          "species": [
            {
              "element": "Ta",
              "occu": 1
            }
          ],
          "abc": [
            0.3961954015823989,
            0.3961954015823989,
            0.8114137952528107
          ],
          "properties": {
            "magmom": -0.0
          },
          "label": "Ta",
          "xyz": [
            6.5327182403593955,
            0.033753577522683154,
            -0.033753577522683154
          ]
        },
        {
          "species": [
            {
              "element": "Nb",
              "occu": 1
            }
          ],
          "abc": [
            0.1964195947947696,
            0.1964195947947767,
            0.4107412156156627
          ],
          "properties": {
            "magmom": -0.0
          },
          "label": "Nb",
          "xyz": [
            3.2800092181673195,
            0.030526886749021487,
            -0.03052688674904458
          ]
        }
      ]
    }
  },
  "Ta2NbW2": {
    "k_voigt": 242.2785682443056,
    "k_reuss": 242.2721101655722,
    "k_vrh": 242.27533920493892,
    "g_voigt": 69.51386668026065,
    "g_reuss": 65.01959361013097,
    "g_vrh": 67.26673014519581,
    "young_modulus": 184.70591650905837,
    "elastic_tensor": {
      "raw": [
        [
          360.5282728090707,
          183.15371596192273,
          183.15371596192267,
          8.153873323937463,
          -4.9921723875716095,
          4.633454063362283
        ],
        [
          183.15371596192273,
          360.5282728090708,
          183.15371596192273,
          -4.633454063362238,
          8.15387332393744,
          4.633451800862985
        ],
        [
          183.15371596192267,
          183.15371596192273,
          360.52827280907087,
          -4.63345180086294,
          -4.274730050070897,
          -8.153873323937445
        ],
        [
          8.153873323937463,
          -4.633454063362238,
          -4.63345180086294,
          56.731307244318614,
          3.4535343791666504,
          -3.605509719890908
        ],
        [
          -4.9921723875716095,
          8.15387332393744,
          -4.274730050070897,
          3.4535343791666504,
          56.73216206551745,
          -3.757456589940702
        ],
        [
          4.633454063362283,
          4.633451800862985,
          -8.153873323937445,
          -3.605509719890908,
          -3.757456589940702,
          56.73130724431875
        ]
      ],
      "ieee_format": [
        [
          319.3056818481841,
          206.3958078723358,
          200.02118361430308,
          13.749702497596967,
          0.0,
          -7.105427357601002e-15
        ],
        [
          206.39580787233584,
          319.30568184818446,
          200.021183614303,
          -13.749702497597097,
          -3.552713678800501e-15,
          -1.4210854715202004e-14
        ],
        [
          200.02118361430314,
          200.0211836143031,
